#pour un potentiel U(x)=x²/2

#<n|m>=
[ 1.00000000e+00  1.55762292e-09 -6.98832014e-09 -1.15906815e-09 -3.27171011e-08 -8.93100390e-08  1.29790489e-08]
[ 1.55762292e-09  1.00000000e+00 -3.26323570e-08  2.85269326e-08 -1.87998832e-08 -1.34271082e-07 -6.72194528e-08]
[-6.98832014e-09 -3.26323570e-08  1.00000000e+00  2.40088495e-07 -4.27372671e-07 -2.32170698e-07  2.07350115e-09]
[-1.15906815e-09  2.85269326e-08  2.40088495e-07  1.00000000e+00 -1.64665184e-07 -1.98472195e-07  8.38124194e-07]
[-3.27171011e-08 -1.87998832e-08 -4.27372671e-07 -1.64665184e-07 1.00000000e+00  5.70969985e-07  1.44087692e-06]
[-8.93100390e-08 -1.34271082e-07 -2.32170698e-07 -1.98472195e-07 5.70969985e-07  1.00000000e+00  1.58478516e-06]
[ 1.29790489e-08 -6.72194528e-08  2.07350115e-09  8.38124194e-07 1.44087692e-06  1.58478516e-06  1.00000000e+00]

#<n|x|m>=
[-7.55839403e-09 -7.07101752e-01  1.15987802e-09 -2.44044139e-05 1.14500372e-08 -3.34176190e-05  4.45054575e-08]
[-7.07101752e-01  4.58488504e-08 -9.99905739e-01 -1.29210626e-07 -2.84714008e-04  3.32066004e-07 -2.73545889e-04]
[ 1.15987802e-09 -9.99905739e-01 -1.48905048e-07 -1.22381779e+00 -1.94783625e-07 -1.85508159e-03 -9.54519538e-07]
[-2.44044139e-05 -1.29210627e-07 -1.22381779e+00  2.32202454e-07 -1.40846822e+00  1.18918735e-06 -7.73193631e-03]
[ 1.14500372e-08 -2.84714008e-04 -1.94783625e-07 -1.40846822e+00 -3.05181790e-06 -1.55711509e+00 -4.08725790e-06]
[-3.34176190e-05  3.32066004e-07 -1.85508159e-03  1.18918735e-06 -1.55711509e+00 -9.11848157e-07 -1.66139192e+00]
[ 4.45054575e-08 -2.73545889e-04 -9.54519539e-07 -7.73193631e-03 -4.08725790e-06 -1.66139192e+00 -8.18957036e-06]

#<n|a-|m>=
[-6.88972418e-09 -1.41421349e+00 -2.35843447e-09 -9.76539294e-05 -1.41141880e-07 -2.02115420e-04 -4.27587688e-07]
[ 9.98766419e-06  4.71935880e-08 -1.99999810e+00 -3.81330524e-07 -1.14219872e-03  1.01934645e-06 -1.67468907e-03]
[-4.23812104e-09  1.86597588e-04 -1.34740268e-07 -2.44945957e+00 -2.66074285e-07 -7.49432796e-03 -3.36581020e-06]
[ 4.87841033e-05  3.74984820e-08  1.82376734e-03  2.05888246e-07 -2.82813427e+00  1.76203344e-06 -3.18500048e-02]
[ 9.28883458e-09  5.73195211e-04  4.93690379e-10  1.11974327e-02 -2.58727298e-06 -3.16060328e+00 -6.80932854e-06]
[ 1.35342700e-04  1.53838918e-07  3.78406370e-03  7.09850068e-07 4.63711751e-02 -5.29896186e-07 -3.45851803e+00]
[-5.48958607e-09  1.12697343e-03  2.51465623e-07  1.63834378e-02 -1.92863844e-06  1.35728489e-01 -7.61502200e-06]


#<n|a+|m>=
[-8.22706386e-09  9.98873877e-06  4.67819058e-09  4.88451016e-05 1.64041954e-07  1.35280182e-04  5.16598603e-07]
[-1.41421349e+00  4.45041118e-08  1.86616406e-04  1.22909270e-07 5.72770700e-04 -3.55214442e-07  1.12759729e-03]
[ 6.55787693e-09 -1.99999808e+00 -1.63069828e-07  1.82397910e-03 -1.23492965e-07  3.78416477e-03  1.45677112e-06]
[-9.75929312e-05 -2.95919736e-07 -2.44945936e+00  2.58516663e-07 1.11978288e-02  6.16341263e-07  1.63861322e-02]
[ 1.36112399e-08 -1.14262323e-03 -3.90060940e-07 -2.82813387e+00 -3.51636282e-06  4.63730929e-02 -1.36518727e-06]
[-2.02177938e-04  5.10293089e-07 -7.49422689e-03  1.66852463e-06 -3.16060136e+00 -1.29380013e-06  1.35734194e-01]
[ 9.45005012e-08 -1.67406521e-03 -2.16050470e-06 -3.18473104e-02 -6.24587737e-06 -3.45851232e+00 -8.76411872e-06]

#------------------------------------------------
#pour un potentiel U(x)=-2*np.exp(-x**2)

#<n|m>=
[1.]

#<n|x|m>=
[-6.80984235e-08]

#--------------------------------------------------
#pour un potentiel U(x)=-1*np.exp(-x**2)

#<n|m>=
[1.]

#<n|x|m>=
[1.18080853e-07]